00000011
01000405
01000100
0B590100
000055FF
00000001
00000010
314E5A5F
635F5F31
676E696C
39354E5F
6E693131
5F727473
64726F77
00004573
07BD9630
000055FF
06000100
00000000
00001000
00000000
00000000
04000000
8000003F
00000000
00000000
02000000
02000000
0001D214
00000000
06000111
00000000
00001000
00000000
00000000
04000000
8000003F
00000000
00000000
02000000
02000000
0001D21C
00000001
06000122
00000000
00001000
00000000
00000000
04000000
8000003F
00000000
00000000
02000000
02000000
0001D204
80000002
03000000
00010100
